function y = y(x)

    y = 0.01*x^5+0.01*x^4-0.2849*x^3-0.3317*x^2+1.093*x+0.97+0.75*sin(0.8*x*pi);

end

